0.009781 
0.010159 
0.010956 
0.010388 
0.010629 
0.010366 
0.009238 
0.010200 
0.011323 
0.009593 
0.009987 
0.010575 
0.010007 
0.010630 
0.010479 
0.010149 
0.009779 
0.010891 
0.010446 
0.013137 
0.009915 
0.009911 
0.009871 
0.010473 
0.010133 
0.010497 
0.010256 
0.010258 
0.010602 
0.010703 
0.009796 
0.010536 
0.009680 
0.010491 
0.010347 
0.010308 
0.009966 
0.009971 
0.008355 
0.008891 
0.010138 
0.010827 
0.010402 
0.010378 
0.010404 
0.010189 
0.009918 
0.009583 
0.009704 
0.009639 
0.008483 
0.010542 
0.010207 
0.010543 
0.009273 
0.010401 
0.009687 
0.010068 
0.009762 
0.009973 
0.010001 
0.008920 
0.011114 
0.010033 
0.009241 
0.010831 
0.010482 
0.009055 
0.010625 
0.009442 
0.010195 
0.010328 
0.010344 
0.010355 
0.009884 
0.009474 
0.009897 
0.010272 
0.010238 
0.008938 
0.009013 
0.011057 
0.010236 
0.009980 
0.010136 
0.009990 
0.009449 
0.008658 
0.009734 
0.010080 
0.010090 
0.010134 
0.009959 
0.010286 
0.009476 
0.009084 
0.010588 
0.010239 
0.011317 
0.010432 
